import model 2HDMPZ2II
generate p p > xd xd~ h1 / z [QCD]
PDF: nn23lo1
      25 1.250000e+02 #   mh1
      35 7.500000e+02 #   mh2
      36 5.000000e+02 #   mh3
      37 7.500000e+02 #   mhc

      5 7.071068e-01 #   sinp



tanb Ma Width(GeV)
===============================
0.3 50 2.472365e+02
0.3 100 2.408638e+02
0.3 200 2.165734e+02
0.3 300 1.792730e+02
0.3 400 1.285770e+02
0.3 490 1.274379e+02
0.3 600 1.273725e+02
0.5 50 1.720868e+02
0.5 100 1.657141e+02
0.5 200 1.414237e+02
0.5 300 1.041233e+02
0.5 400 5.333327e+01
0.5 490 5.233371e+01
0.5 600 5.222271e+01
0.7 50 1.513845e+02
0.7 100 1.450118e+02
0.7 200 1.207214e+02
0.7 300 8.342101e+01
0.7 400 3.247119e+01
0.7 490 3.161928e+01
0.7 600 3.152042e+01
1.5 50 1.345338e+02
1.5 100 1.281611e+02
1.5 200 1.038707e+02
1.5 300 6.657029e+01
1.5 400 1.543642e+01
1.5 490 1.475284e+01
1.5 600 1.468657e+01
