import model 2HDMPZ2II
generate p p > xd xd~ h1 / z [QCD]
PDF: nn23lo1
      25 1.250000e+02 #   mh1
      35 7.500000e+02 #   mh2
      36 5.000000e+02 #   mh3
      37 7.500000e+02 #   mhc

      5 7.071068e-01 #   sinp



tanb Ma Width(GeV)
===============================
0.3 50 2.539334e+02
0.3 100 7.890162e-03
0.3 200 5.900330e-03
0.3 300 5.901920e-03
0.3 400 5.901762e-03
0.3 490 5.902608e-03
0.3 600 5.901003e-03
0.5 50 2.539334e+02
0.5 100 7.839474e-03
0.5 200 5.900330e-03
0.5 300 5.902372e-03
0.5 400 5.900758e-03
0.5 490 5.900951e-03
0.5 600 5.902608e-03
0.7 50 2.539334e+02
0.7 100 7.836974e-03
0.7 200 5.900330e-03
0.7 300 5.900556e-03
0.7 400 5.900951e-03
0.7 490 5.900951e-03
0.7 600 5.902608e-03
1.5 50 2.539334e+02
1.5 100 7.872733e-03
1.5 200 5.899374e-03
1.5 300 5.902880e-03
1.5 400 5.902870e-03
1.5 490 5.900758e-03
1.5 600 5.900758e-03
