import model 2HDMPZ2II
generate p p > xd xd~ h1 / z [QCD]
PDF: nn23lo1
      25 1.250000e+02 #   mh1
      35 7.500000e+02 #   mh2
      36 5.000000e+02 #   mh3
      37 7.500000e+02 #   mhc

      5 7.071068e-01 #   sinp



tanb Ma Width(GeV)
===============================
0.3 50 9.940230e-01
0.3 100 1.989243e+00
0.3 200 3.979084e+00
0.3 300 5.990180e+00
0.3 400 7.401337e+01
0.3 490 1.226726e+02
0.3 600 1.723536e+02
0.5 50 9.942022e-01
0.5 100 1.989606e+00
0.5 200 3.979812e+00
0.5 300 5.973736e+00
0.5 400 3.173969e+01
0.5 490 5.046502e+01
0.5 600 7.042710e+01
0.7 50 9.944709e-01
0.7 100 1.990150e+00
0.7 200 3.980905e+00
0.7 300 5.975442e+00
0.7 400 2.011545e+01
0.7 490 3.055712e+01
0.7 600 4.205537e+01
1.5 50 9.964415e-01
1.5 100 1.994143e+00
1.5 200 3.988916e+00
1.5 300 5.987515e+00
1.5 400 1.064126e+01
1.5 490 1.435383e+01
1.5 600 1.883821e+01
