import model 2HDMPZ2II
generate p p > xd xd~ h1 / z [QCD]
PDF: nn23lo1
      25 1.250000e+02 #   mh1
      35 7.500000e+02 #   mh2
      36 5.000000e+02 #   mh3
      37 7.500000e+02 #   mhc

      5 7.071068e-01 #   sinp



tanbeta Ma crossSection(pb)
===============================
0.3 50 30.663694419
0.3 100 18.4402390751
0.3 200 9.86729437052
0.3 300 4.47259033851
0.3 400 0.114144166067
0.3 490 0.000439193734196
0.3 600 0.00769981059234
0.5 50 10.8970326404
0.5 100 6.78518649974
0.5 200 4.10111071504
0.5 300 2.58042867999
0.5 400 0.20345426849
0.5 490 0.0017364078455
0.5 600 0.020299121805
0.7 50 5.62822168656
0.7 100 3.5802466111
0.7 200 2.30171985015
0.7 300 1.64595640406
0.7 400 0.2048994
0.7 490 0.0034691047
0.7 600 0.0240298479
1.5 50 1.21666646414
1.5 100 0.810167822505
1.5 200 0.561696893827
1.5 300 0.457270857053
1.5 400 0.100805525
1.5 490 0.005340424274
1.5 600 0.01466912842
