import model 2HDMPZ2II
generate p p > xd xd~ h1 / z [QCD]
PDF: nn23lo1
      25 1.250000e+02 #   mh1
      35 7.500000e+02 #   mh2
      36 5.000000e+02 #   mh3
      37 7.500000e+02 #   mhc

      5 7.071068e-01 #   sinp



tanb Ma Width(GeV)
===============================
0.3 50 4.160289e+02
0.3 100 4.148123e+02
0.3 200 4.048054e+02
0.3 300 3.892916e+02
0.3 400 3.736889e+02
0.3 490 3.616854e+02
0.3 600 3.527017e+02
0.5 50 1.995735e+02
0.5 100 1.965878e+02
0.5 200 1.863649e+02
0.5 300 1.713649e+02
0.5 400 1.553979e+02
0.5 490 1.433947e+02
0.5 600 1.343967e+02
0.7 50 1.394506e+02
0.7 100 1.364729e+02
0.7 200 1.260256e+02
0.7 300 1.110458e+02
0.7 400 9.521005e+01
0.7 490 8.307613e+01
0.7 600 7.406748e+01
1.5 50 9.055802e+01
1.5 100 8.756612e+01
1.5 200 7.678721e+01
1.5 300 6.180880e+01
1.5 400 4.645373e+01
1.5 490 3.393540e+01
1.5 600 2.490094e+01
