import model 2HDMPZ2II
generate p p > xd xd~ h1 / z [QCD]
PDF: nn23lo1
      25 1.250000e+02 #   mh1
      35 7.500000e+02 #   mh2
      36 5.000000e+02 #   mh3
      37 7.500000e+02 #   mhc

      5 7.071068e-01 #   sinp



tanb Ma Width(GeV)
===============================
0.3 50 5.153464e+02
0.3 100 5.121581e+02
0.3 200 5.026103e+02
0.3 300 4.893905e+02
0.3 400 4.689380e+02
0.3 490 4.573172e+02
0.3 600 4.481130e+02
0.5 50 2.376072e+02
0.5 100 2.343743e+02
0.5 200 2.230922e+02
0.5 300 2.084433e+02
0.5 400 1.903921e+02
0.5 490 1.783291e+02
0.5 600 1.691188e+02
0.7 50 1.605240e+02
0.7 100 1.572747e+02
0.7 200 1.459009e+02
0.7 300 1.308505e+02
0.7 400 1.136124e+02
0.7 490 1.013958e+02
0.7 600 9.218183e+01
1.5 50 9.772467e+01
1.5 100 9.447710e+01
1.5 200 8.303613e+01
1.5 300 6.755481e+01
1.5 400 5.156460e+01
1.5 490 3.876883e+01
1.5 600 2.952701e+01
