import model 2HDMPZ2II
generate p p > xd xd~ h1 / z [QCD]
PDF: nn23lo1
      25 1.250000e+02 #   mh1
      35 7.500000e+02 #   mh2
      36 5.000000e+02 #   mh3
      37 7.500000e+02 #   mhc

      5 1.000000e-01 #   sinp


tanb Ma Width(GeV)
===============================
0.3 50 3.617082e+02
0.3 100 3.616525e+02
0.3 200 3.614473e+02
0.3 300 3.611495e+02
0.3 400 3.608451e+02
0.3 490 3.606058e+02
0.5 50 1.434103e+02
0.5 100 1.433547e+02
0.5 200 1.431453e+02
0.5 300 1.428554e+02
0.5 400 1.425488e+02
0.5 490 1.423090e+02
0.5 600 1.421287e+02
0.7 50 8.308768e+01
0.7 100 8.302805e+01
0.7 200 8.282538e+01
0.7 300 8.253509e+01
0.7 400 8.222545e+01
0.7 490 8.198893e+01
0.7 600 8.180768e+01
1.0 50 5.101495e+01
1.0 100 5.095965e+01
1.0 200 5.075741e+01
1.0 300 5.046784e+01
1.0 400 5.015745e+01
1.0 490 4.991725e+01
1.0 600 4.973727e+01
1.5 50 3.395321e+01
1.5 100 3.389802e+01
1.5 200 3.369487e+01
1.5 300 3.340486e+01
1.5 400 3.309394e+01
1.5 490 3.285384e+01
1.5 600 3.267343e+01
