import model 2HDMPZ2II
generate p p > xd xd~ h1 / z [QCD]
PDF: nn23lo1
      25 1.250000e+02 #   mh1
      35 7.500000e+02 #   mh2
      36 5.000000e+02 #   mh3
      37 7.500000e+02 #   mhc

      2 1.000000e+00 #   tanbeta

sinp Ma Width(GeV)
===============================
0.1 50 1.072313e-01
0.1 100 5.900078e-03
0.1 200 5.899927e-03
0.1 300 5.901003e-03
0.1 400 5.901003e-03
0.1 490 5.899374e-03
0.1 600 5.899374e-03
0.3 50 8.232907e+00
0.3 100 6.016445e-03
0.3 200 5.900330e-03
0.3 300 5.901925e-03
0.3 400 5.902608e-03
0.3 490 5.902608e-03
0.3 600 5.901003e-03
0.5000 50 6.348757e+01
0.5000 100 6.625534e-03
0.5000 200 5.900330e-03
0.5000 300 5.902880e-03
0.5000 400 5.901072e-03
0.5000 490 5.900758e-03
0.5000 600 5.900758e-03
0.7071 50 2.539334e+02
0.7071 100 7.873333e-03
0.7071 200 5.901814e-03
0.7071 300 5.902372e-03
0.7071 400 5.899588e-03
0.7071 490 5.900951e-03
0.7071 600 5.900758e-03
0.8660 50 5.713430e+02
0.8660 100 8.081822e-03
0.8660 200 5.899374e-03
0.8660 300 5.900556e-03
0.8660 400 5.899883e-03
0.8660 490 5.900951e-03
0.8660 600 5.902608e-03
