import model 2HDMPZ2II
generate p p > xd xd~ h1 / z [QCD]
PDF: nn23lo1
      25 1.250000e+02 #   mh1
      35 7.500000e+02 #   mh2
      36 5.000000e+02 #   mh3
      37 7.500000e+02 #   mhc

      5 1.000000e-01 #   sinp


tanb Ma Width(GeV)
===============================
0.3 50 1.072312e-01
0.3 100 5.898528e-03
0.3 200 5.898528e-03
0.3 300 5.901003e-03
0.3 400 5.899374e-03
0.3 490 5.899374e-03
0.5 50 1.072312e-01
0.5 100 5.901453e-03
0.5 200 5.901003e-03
0.5 300 5.901003e-03
0.5 400 5.901003e-03
0.5 490 5.899374e-03
0.5 600 5.901003e-03
0.7 50 1.072313e-01
0.7 100 5.900078e-03
0.7 200 5.901003e-03
0.7 300 5.901003e-03
0.7 400 5.901003e-03
0.7 490 5.899374e-03
0.7 600 5.901003e-03
1.0 50 1.072313e-01
1.0 100 5.900078e-03
1.0 200 5.899927e-03
1.0 300 5.901003e-03
1.0 400 5.901003e-03
1.0 490 5.899374e-03
1.0 600 5.899374e-03
1.5 50 1.072313e-01
1.5 100 5.900078e-03
1.5 200 5.900330e-03
1.5 300 5.901003e-03
1.5 400 5.901003e-03
1.5 490 5.901003e-03
1.5 600 5.899374e-03
