import model 2HDMPZ2II
generate p p > xd xd~ h1 / z [QCD]
PDF: nn23lo1
      25 1.250000e+02 #   mh1
      35 7.500000e+02 #   mh2
      36 5.000000e+02 #   mh3
      37 7.500000e+02 #   mhc

      5 1.000000e-01 #   sinp


tanbeta Ma crossSection(pb)
===============================
0.3 50 0.340008840491
0.3 100 0.297622707382
0.3 200 0.182107958694
0.3 300 0.0720674392829
0.3 400 0.0154009026636
0.3 490 0.00317830721348
0.5 50 0.389501678009
0.5 100 0.357453319253
0.5 200 0.255071823062
0.5 300 0.123353654124
0.5 400 0.0160061694925
0.5 490 0.00109516682498
0.5 600 0.000787327570125
0.7 50 0.37758424297
0.7 100 0.353162401652
0.7 200 0.270851734656
0.7 300 0.148511489749
0.7 400 0.0128873341682
0.7 490 0.000376237765984
0.7 600 0.000727885940571
1.0 50 0.3416185021
1.0 100 0.323163059711
1.0 200 0.262007705175
1.0 300 0.159281089049
1.0 400 0.00905488724627
1.0 490 0.000212137900229
1.0 600 0.000679317954223
1.5 50 0.274648133824
1.5 100 0.263310136271
1.5 200 0.225386287333
1.5 300 0.151496110987
1.5 400 0.00614685260475
1.5 490 0.000295017145377
1.5 600 0.000646879882754
