import model 2HDMPZ2II
generate p p > xd xd~ h1 / z [QCD]
PDF: nn23lo1
      25 1.250000e+02 #   mh1
      35 7.500000e+02 #   mh2
      36 5.000000e+02 #   mh3
      37 7.500000e+02 #   mhc

      5 1.000000e-01 #   sinp


tanb Ma Width(GeV)
===============================
0.3 50 4.568567e+02
0.3 100 4.568025e+02
0.3 200 4.566005e+02
0.3 300 4.567698e+02
0.3 400 4.564569e+02
0.3 490 4.562166e+02
0.5 50 1.783238e+02
0.5 100 1.782685e+02
0.5 200 1.780666e+02
0.5 300 1.777798e+02
0.5 400 1.774680e+02
0.5 490 1.772270e+02
0.5 600 1.770429e+02
0.7 50 1.013882e+02
0.7 100 1.013342e+02
0.7 200 1.011337e+02
0.7 300 1.008450e+02
0.7 400 1.005342e+02
0.7 490 1.002928e+02
0.7 600 1.001086e+02
1.0 50 6.051439e+01
1.0 100 6.046025e+01
1.0 200 6.025835e+01
1.0 300 5.997087e+01
1.0 400 5.966032e+01
1.0 490 5.941878e+01
1.0 600 5.923439e+01
1.5 50 3.878540e+01
1.5 100 3.873166e+01
1.5 200 3.852900e+01
1.5 300 3.824163e+01
1.5 400 3.793093e+01
1.5 490 3.768941e+01
1.5 600 3.750505e+01
