import model 2HDMPZ2II
generate p p > xd xd~ h1 / z [QCD]
PDF: nn23lo1
      25 1.250000e+02 #   mh1
      35 7.500000e+02 #   mh2
      36 5.000000e+02 #   mh3
      37 7.500000e+02 #   mhc

      2 1.000000e+00 #   tanbeta

sinp Ma Width(GeV)
===============================
0.1 50 1.967989e+00
0.1 100 3.938342e+00
0.1 200 7.877867e+00
0.1 300 1.181713e+01
0.1 400 1.587522e+01
0.1 490 1.950484e+01
0.1 600 2.392100e+01
0.3 50 1.809140e+00
0.3 100 3.620459e+00
0.3 200 7.242007e+00
0.3 300 1.086331e+01
0.3 400 1.555465e+01
0.3 490 1.957302e+01
0.3 600 2.447146e+01
0.5000 50 1.491443e+00
0.5000 100 2.984693e+00
0.5000 200 5.970288e+00
0.5000 300 8.955683e+00
0.5000 400 1.491350e+01
0.5000 490 1.973318e+01
0.5000 600 2.552495e+01
0.7071 50 9.950419e-01
0.7071 100 1.991307e+00
0.7071 200 3.983226e+00
0.7071 300 5.978941e+00
0.7071 400 1.393236e+01
0.7071 490 1.998634e+01
0.7071 600 2.692124e+01
0.8660 50 4.986407e-01
0.8660 100 9.979225e-01
0.8660 200 1.996165e+00
0.8660 300 2.998792e+00
0.8660 400 1.293315e+01
0.8660 490 2.020739e+01
0.8660 600 2.798893e+01
