import model 2HDMPZ2II
generate p p > xd xd~ h1 / z [QCD]
PDF: nn23lo1
      25 1.250000e+02 #   mh1
      35 7.500000e+02 #   mh2
      36 5.000000e+02 #   mh3
      37 7.500000e+02 #   mhc

      2 1.000000e+00 #   tanbeta

sinp Ma crossSection(pb)
===============================
0.1 50 0.3416185021
0.1 100 0.323163059711
0.1 200 0.262157705175
0.1 300 0.159281089049
0.1 400 0.00905488724627
0.1 490 0.000212137900229
0.1 600 0.000680779354223
0.3 50 1.18898628215
0.3 100 1.14429088368
0.3 200 1.0008239216
0.3 300 0.73714961682
0.3 400 0.07106417625
0.3 490 0.0017476970903
0.3 600 0.0057014778935
0.5000 50 1.33031054159
0.5000 100 1.24256654407
0.5000 200 1.11175878996
0.5000 300 0.932994140651
0.5000 400 0.1457951125
0.5000 490 0.00396874242
0.5000 600 0.013896265158
0.7071 50 2.77274475381
0.7071 100 1.81001744557
0.7071 200 1.21069089585
0.7071 300 0.93644139955
0.7071 400 0.16197687411
0.7071 490 0.00526849194
0.7071 600 0.0216097437
0.8660 50 11.1166770921
0.8660 100 6.13009459447
0.8660 200 2.69342153892
0.8660 300 1.0556599075
0.8660 400 0.10275774412
0.8660 490 0.00396060259
0.8660 600 0.01852232272
