import model 2HDMPZ2II
generate p p > xd xd~ h1 / z [QCD]
PDF: nn23lo1
      25 1.250000e+02 #   mh1
      35 7.500000e+02 #   mh2
      36 5.000000e+02 #   mh3
      37 7.500000e+02 #   mhc

      2 1.000000e+00 #   tanbeta

sinp Ma Width(GeV)
===============================
0.1 50 5.101495e+01
0.1 100 5.095965e+01
0.1 200 5.075741e+01
0.1 300 5.046784e+01
0.1 400 5.015745e+01
0.1 490 4.991725e+01
0.1 600 4.973727e+01
0.3 50 6.030228e+01
0.3 100 5.976395e+01
0.3 200 5.782345e+01
0.3 300 5.512894e+01
0.3 400 5.225628e+01
0.3 490 5.009533e+01
0.3 600 4.847243e+01
0.5000 50 7.861727e+01
0.5000 100 7.712811e+01
0.5000 200 7.192144e+01
0.5000 300 6.443624e+01
0.5000 400 5.695543e+01
0.5000 490 5.045139e+01
0.5000 600 4.594415e+01
0.7071 50 1.075324e+02
0.7071 100 1.045411e+02
0.7071 200 9.376580e+01
0.7071 300 7.897733e+01
0.7071 400 6.353345e+01
0.7071 490 5.100851e+01
0.7071 600 4.199348e+01
0.8660 50 1.364544e+02
0.8660 100 1.319790e+02
0.8660 200 1.157993e+02
0.8660 300 9.352151e+01
0.8660 400 6.976819e+01
0.8660 490 5.156505e+01
0.8660 600 3.804341e+01
