import model 2HDMPZ2II
generate p p > xd xd~ h1 / z [QCD]
PDF: nn23lo1
      25 1.250000e+02 #   mh1
      35 7.500000e+02 #   mh2
      36 5.000000e+02 #   mh3
      37 7.500000e+02 #   mhc

      2 1.000000e+00 #   tanbeta

sinp Ma Width(GeV)
===============================
0.1 50 6.051439e+01
0.1 100 6.046025e+01
0.1 200 6.025835e+01
0.1 300 5.997087e+01
0.1 400 5.966032e+01
0.1 490 5.941878e+01
0.1 600 5.923439e+01
0.3 50 7.021130e+01
0.3 100 6.962884e+01
0.3 200 6.756364e+01
0.3 300 6.467198e+01
0.3 400 6.177172e+01
0.3 490 5.959877e+01
0.3 600 5.794002e+01
0.5000 50 8.946070e+01
0.5000 100 8.783009e+01
0.5000 200 8.210672e+01
0.5000 300 7.438223e+01
0.5000 400 6.655464e+01
0.5000 490 5.995885e+01
0.5000 600 5.535128e+01
0.7071 50 1.195594e+02
0.7071 100 1.163165e+02
0.7071 200 1.049002e+02
0.7071 300 8.956845e+01
0.7071 400 7.334407e+01
0.7071 490 6.052122e+01
0.7071 600 5.130633e+01
0.8660 50 1.497116e+02
0.8660 100 1.448329e+02
0.8660 200 1.277578e+02
0.8660 300 1.049506e+02
0.8660 400 7.966731e+01
0.8660 490 6.108415e+01
0.8660 600 4.726166e+01
